0,273
0,270
213,49
213,48
213,47
213,46
213,45
213,44
213,43
213,42
213,41
213,40
213,39
213,38
213,37
213,36
213,35
10,214
10,148
10,94
10,90
10,72
10,114
10,80
10,222
11,16
11,13
11,15
11,2
11,3
9,6
9,4
8,11
8,8
8,12
8,15
209,5
209,4
209,3
209,2
209,1
209,0
206,4
206,3
206,2
206,1
206,0
203,3
203,2
203,1
203,0
202,3
202,2
202,1
202,0
201,4
201,3
201,2
201,1
201,0
200,4
200,3
200,2
200,1
200,0
198,5
198,4
198,3
198,2
198,1
198,0
196,4
196,3
196,2
196,1
196,0
195,5
195,4
195,3
195,2
195,1
195,0
194,4
194,3
194,2
194,1
194,0
193,4
193,3
193,2
193,1
193,0
189,3
189,1
20,3
20,2
20,1
19,3
19,2
19,1
18,3
18,1
14,3
14,1
13,3
13,1
12,3
12,2
12,1
11,30
11,28
11,27
11,24
11,23
11,22
11,21
11,20
11,10
11,1
